[24, -337, -241]
[24, -337, -241]
[24, -337, -241]
[24, -337, -241]
[24, -337, -241]
[24, -337, -241]
[24, -337, -241]
[24, -337, -241]
[24, -337, -241]
[24, -337, -241]
[24, -337, -241]
[24, -337, -241]
[24, -337, -241]
[24, -337, -241]
[24, -337, -241]
[24, -337, -241]
[24, -337, -241]
[24, -337, -241]
[24, -337, -241]
[-69, -344, -294]
[-78, -482, -346]
[-116, -471, -275]
[-97, -482, -276]
[-76, -495, -277]
[-56, -507, -278]
[-35, -520, -279]
[-14, -533, -281]
[25, -667, -306]
[5, -712, -256]
[16, -703, -331]
[5, -701, -330]
[-7, -701, -329]
[-18, -701, -328]
[-29, -701, -327]
[-41, -701, -325]
[-52, -701, -324]
[-63, -701, -323]
[-75, -701, -322]
[-84, -701, -321]
[-95, -701, -320]
[-107, -701, -319]
[-118, -701, -318]
[-129, -701, -316]
[-141, -701, -315]
[-152, -701, -314]
[-163, -701, -313]
[-173, -701, -312]
[-184, -701, -311]
[-195, -701, -310]
[-207, -701, -308]
[-216, -701, -307]
[-227, -701, -306]
[-239, -701, -305]
[-250, -701, -304]
[-261, -701, -304]
[-265, -710, -376]
[-208, -656, -331]
[-222, -642, -330]
[-235, -631, -330]
[-248, -620, -330]
[-261, -608, -330]
[-275, -597, -330]
[-288, -586, -330]
[-301, -575, -330]
[-314, -563, -330]
[-327, -552, -330]
[-341, -541, -330]
[-354, -529, -330]
[-367, -518, -329]
[-380, -507, -329]
[-393, -495, -329]
[-407, -484, -329]
[-420, -473, -329]
[-433, -461, -329]
[-446, -450, -329]
[-459, -439, -329]
[-473, -427, -329]
[-486, -416, -329]
[-499, -405, -329]
[-458, -348, -281]
[-422, -361, -378]
[-422, -388, -297]
[-424, -310, -325]
[-452, -310, -330]
[-482, -310, -335]
[-512, -310, -340]
[-542, -312, -345]
[-573, -312, -350]
[-601, -312, -355]
[-631, -314, -359]
[-661, -314, -365]
[-692, -314, -370]
[-722, -316, -375]
[-663, -280, -447]
[-688, -310, -367]
[-682, -292, -362]
[-676, -273, -356]
[-671, -258, -352]
[-665, -239, -346]
[-659, -222, -340]
[-654, -203, -336]
[-648, -186, -330]
[-642, -167, -325]
[-637, -150, -320]
[-631, -131, -314]
[-625, -114, -310]
[-620, -95, -304]
[-614, -76, -299]
[-637, -173, -370]
[-693, -92, -390]
[-750, 41, -347]
[-708, 52, -418]
[-644, -92, -417]
[-535, -27, -365]
[-559, -12, -401]
[-550, -7, -397]
[-542, 1, -392]
[-535, 8, -388]
[-525, 14, -383]
[-518, 22, -379]
[-510, 29, -374]
[-503, 37, -371]
[-607, 82, -320]
[-531, -31, -254]
[-565, 63, -178]
[-508, -58, -135]
[-599, -5, -105]
[-459, -42, -72]
[-548, -50, -59]
[-533, -95, -91]
[-520, -139, -123]
[-486, -110, -93]
[-384, -237, -104]
[-384, -235, -101]
[-384, -233, -100]
[-386, -231, -99]
[-386, -229, -98]
[-388, -227, -96]
[-388, -225, -95]
[-390, -224, -93]
[-390, -222, -92]
[-392, -220, -91]
[-278, -235, -37]
[-344, -312, -75]
[-363, -252, -90]
[-365, -210, -115]
[-367, -167, -140]
[-371, -124, -166]
[-373, -80, -191]
[-375, -39, -216]
[-378, 5, -242]
[-380, 48, -267]
[-384, 92, -293]
[-463, 205, -295]
[-403, 210, -383]
[-390, 205, -384]
[-378, 201, -385]
[-365, 195, -387]
[-354, 192, -389]
[-342, 186, -390]
[-329, 182, -391]
[-318, 176, -393]
[-305, 173, -395]
[-293, 167, -396]
[-282, 163, -398]
[-269, 158, -399]
[-258, 154, -400]
[-244, 150, -402]
[-233, 144, -404]
[-222, 141, -405]
[-210, 135, -407]
[-199, 131, -408]
[-186, 125, -409]
[-175, 122, -410]
[-161, 116, -413]
[-150, 112, -414]
[-139, 107, -415]
[-125, 103, -417]
[-114, 99, -418]
[-101, 93, -419]
[-90, 90, -422]
[-78, 84, -423]
[-65, 80, -424]
[-54, 75, -426]
[-41, 71, -427]
[-29, 65, -428]
[-18, 61, -431]
[-5, 56, -432]
[7, 52, -433]
[20, 48, -435]
[-33, -50, -399]
[39, -69, -438]
[39, -97, -441]
[25, -118, -431]
[12, -137, -422]
[1, -158, -413]
[-12, -176, -404]
[-25, -197, -395]
[-37, -216, -385]
[24, -218, -327]
[-48, -261, -313]
[-156, -212, -383]
[-80, -184, -416]
[-5, -154, -450]
[46, -125, -405]
[80, -88, -390]
[80, -82, -363]
[88, -165, -313]
[122, -158, -315]
[158, -148, -319]
[193, -141, -321]
[229, -131, -324]
[156, -152, -268]
[125, -171, -278]
[61, -250, -259]
[18, -224, -232]
[-29, -290, -157]
[-44, -192, -147]
[-97, -193, -93]
[-54, -146, -89]
[-8, -99, -84]
[69, -86, -172]
[16, -84, -118]
[29, -216, -76]
[12, -201, -107]
[-3, -186, -138]
[-18, -171, -169]
[25, -222, -207]
[1, -122, -152]
[71, 18, -202]
[75, -69, -178]
[78, -156, -155]
[124, -158, -253]
[41, -69, -282]
[133, -25, -265]
[227, 18, -250]
[108, 25, -225]
[210, 41, -162]
[131, 16, -143]
[227, -75, -195]
[224, -88, -167]
[220, -101, -139]
[216, -114, -110]
[212, -127, -82]
[218, -286, -83]
[250, -254, -21]
[184, -365, -2]
[129, -431, -10]
[131, -395, 6]
[133, -359, 22]
[135, -325, 38]
[137, -290, 54]
[139, -256, 71]
[90, -171, 128]
[-7, -197, 108]
[-20, -180, 88]
[-33, -163, 68]
[-44, -146, 49]
[-58, -129, 30]
[-71, -112, 10]
[-82, -95, -10]
[-95, -78, -29]
[-107, -59, -48]
[-80, 27, 5]
[-65, -95, 8]
[35, -25, -56]
[8, 16, -105]
[56, -42, -116]
[-50, 12, -148]
[48, -12, -157]
[14, -3, -148]
[-20, 7, -139]
[-54, 18, -130]
[-88, 27, -121]
[-122, 39, -113]
[-156, 48, -104]
[-190, 58, -95]
[-224, 69, -87]
[-258, 78, -78]
[-292, 90, -68]
[-263, 24, -136]
[-301, 146, -148]
[-180, 124, -188]
[-192, 137, -150]
[-203, 150, -113]
[-150, 188, -160]
[-256, 150, -150]
[-286, 161, -248]
[-363, 150, -179]
[-356, 82, -209]
[-265, 158, -241]
[-288, 146, -237]
[-310, 135, -235]
[-333, 125, -233]
[-356, 114, -229]
[-378, 105, -227]
[-401, 93, -225]
[-424, 84, -222]
[-446, 73, -219]
[-469, 63, -217]
[-492, 52, -215]
[-514, 42, -212]
[-537, 31, -209]
[-559, 22, -207]
[-582, 10, -204]
[-607, 1, -202]
[-599, -16, -213]
[-588, 25, -159]
[-580, -76, -159]
[-573, -176, -160]
[-565, -275, -160]
[-558, -376, -161]
[-478, -254, -196]
[-544, -303, -194]
[-482, -254, -172]
[-507, -286, -162]
[-533, -320, -153]
[-559, -354, -144]
[-586, -386, -135]
[-612, -420, -126]
[-639, -454, -117]
[-665, -486, -108]
[-692, -520, -99]
[-718, -554, -90]
[-641, -452, -91]
[-641, -488, -182]
[-571, -490, -161]
[-501, -492, -141]
[-431, -493, -121]
[-361, -495, -100]
[-293, -499, -80]
[-327, -441, -74]
[-403, -456, 4]
[-354, -473, -21]
[-305, -490, -45]
[-256, -507, -68]
[-207, -524, -91]
[-158, -542, -116]
[-207, -605, -178]
[-150, -610, -168]
[-127, -684, -158]
[-48, -682, -174]
[-120, -610, -155]
[-108, -588, -155]
[-95, -565, -155]
[-82, -544, -155]
[-69, -522, -156]
[-56, -499, -156]
[-42, -478, -156]
[-29, -456, -156]
[-16, -435, -157]
[59, -499, -147]
[103, -510, -164]
[135, -475, -165]
[167, -441, -166]
[65, -431, -147]
[144, -559, -121]
[58, -512, -182]
[46, -508, -138]
[-18, -588, -158]
[44, -510, -148]
[-63, -467, -121]
[10, -563, -91]
[-63, -522, -73]
[-61, -518, -64]
[-58, -514, -54]
[-56, -510, -45]
[-52, -508, -35]
[-50, -505, -25]
[-46, -501, -15]
[-44, -497, -5]
[-41, -495, 4]
[-37, -492, 14]
[-35, -488, 23]
[-31, -484, 33]
[-29, -482, 44]
[-25, -478, 53]
[-24, -475, 63]
[-20, -471, 72]
[-18, -469, 82]
[-14, -465, 92]
[-10, -461, 101]
[-8, -458, 112]
[-5, -456, 121]
[-3, -452, 131]
[1, -448, 141]
[3, -444, 150]
[7, -442, 160]
[8, -439, 169]
[12, -435, 179]
[16, -433, 190]
[-101, -446, 123]
[-135, -537, 126]
[-105, -522, 106]
[-73, -507, 85]
[-42, -492, 65]
[-10, -476, 45]
[-29, -556, 31]
[16, -446, 13]
[-12, -427, 50]
[-39, -410, 88]
[-65, -393, 126]
[-93, -375, 164]
[-120, -358, 201]
[-146, -341, 239]
[-214, -433, 292]
[-73, -397, 337]
[-73, -435, 337]
[-118, -344, 353]
[-101, -380, 287]
[-252, -461, 425]
[-286, -420, 379]
[-214, -439, 425]
[-188, -390, 413]
[-161, -341, 401]
[-199, -312, 431]
[-176, -375, 516]
[-254, -292, 520]
[-208, -324, 451]
[-258, -261, 464]
[-212, -342, 384]
[-329, -286, 379]
[-320, -314, 342]
[-320, -439, 335]
[-388, -456, 325]
[-359, -414, 226]
[-358, -318, 226]
[-416, -393, 229]
[-525, -465, 176]
[-412, -341, 158]
[-437, -337, 138]
[-461, -333, 117]
[-486, -329, 97]
[-512, -325, 78]
[-537, -322, 57]
[-561, -318, 37]
[-588, -314, 18]
[-499, -220, 49]
[-584, -156, -14]
[-559, -93, 18]
[-535, -31, 49]
[-420, -116, 54]
[-275, -73, 29]
[-286, -82, 53]
[-297, -92, 76]
[-308, -101, 100]
[-320, -110, 124]
[-331, -120, 148]
[-342, -129, 172]
[-354, -137, 196]
[-256, -144, 255]
[-192, -201, 305]
[-324, -225, 315]
[-173, -212, 352]
[-218, -269, 421]
[-144, -156, 405]
[-167, -276, 431]
[-84, -261, 417]
[-110, -327, 354]
[-139, -312, 294]
[-95, -207, 332]
[-110, -182, 314]
[-124, -156, 296]
[-139, -131, 279]
[-152, -105, 261]
[-165, -78, 243]
[-180, -54, 226]
[-193, -27, 208]
[-207, -1, 190]
[-220, 24, 173]
[-233, 50, 155]
[-248, 76, 138]
[-152, 105, 121]
[-84, 25, 33]
[-29, 27, 47]
[-61, 25, 56]
[33, 41, 149]
[-10, -5, 149]
[-103, -82, 149]
[-158, -141, 179]
[-129, -148, 165]
[-99, -154, 150]
[-71, -159, 136]
[-41, -165, 122]
[-12, -171, 107]
[18, -176, 93]
[46, -182, 79]
[76, -188, 64]
[107, -193, 50]
[99, -322, 49]
[71, -267, 67]
[73, -397, 115]
[37, -363, 118]
[3, -331, 123]
[-33, -297, 126]
[-67, -265, 131]
[-52, -267, 174]
[-150, -310, 230]
[-33, -386, 251]
[-33, -386, 251]
